# id	left	top	right	bottom	texture_id
[SPRITES]
#DISAPPEAR
60000	0	0	0	0	0

#BIG BOOM
60001	1	14	16	29	40
#MEDIUM BOOM
60002	20	16	31	27	40
#SMALL BOOM
60003	37	16	48	27	40
#DUST
60004	54	17	65	26	40

#ATTACK PINK BOOM 1
60011	70	14	85	29	40
#ATTACK PINK BOOM 2
60012	576	14	591	29	41
#ATTACK WHITE BOOM 1
60013	87	14	102	29	40
#ATTACK WHITE BOOM 2
60014	559	14	574	29	41

#SCORES
-130	61	89	71	96	-5
-230	75	89	86	96	-5
-430	90	89	101	96	-5
-830	105	89	116	96	-5
-1030	120	89	134	96	-5
-2030	138	89	153	96	-5
-4030	157	89	172	96	-5
-8030	176	89	191	96	-5
-10030	195	89	210	96	-5

# ani_id	sprite1_id	time1	sprite2_id	time2	...
[ANIMATIONS]
#ATTACK EFFECT
60010	60011	20	60012	20	60014	20	60012	20	60011	20	60013	20

#HURT EFFECT
60020	60003	60	60004	60	60001	60	60002	60

-130	-130	1000
-230	-230	1000
-430	-430	1000
-830	-830	1000
-1030	-1030	1000
-2030	-2030	1000
-4030	-4030	1000
-8030	-8030	1000
-10030	-10030	1000