# id	left	top	right	bottom	texture_id
[SPRITES]
# HUD BASE
-500	4	81	259	128	-20

# EMPTY CHARACTER
-501	569	34	576	41	-20

# NUMBERS FROM 0 TO 9
-510	524	25	531	32	-20
-511	533	25	540	32	-20
-512	542	25	549	32	-20
-513	551	25	558	32	-20
-514	560	25	567	32	-20
-515	524	34	531	41	-20
-516	533	34	540	41	-20
-517	542	34	549	41	-20
-518	551	34	558	41	-20
-519	560	34	567	41	-20

# ani_id	sprite1_id	time1	sprite2_id	time2	...
[ANIMATIONS]
# HUD BASE
-7000	-500	10000

# EMPTY CHARACTER
-7001	-501	10000

# NUMBERS FROM 0 TO 9
-7010	-510	10000
-7011	-511	10000
-7012	-512	10000
-7013	-513	10000
-7014	-514	10000
-7015	-515	10000
-7016	-516	10000
-7017	-517	10000
-7018	-518	10000
-7019	-519	10000