# id	left	top	right	bottom	texture_id
[SPRITES]
-61	94	159	107	172	22
-62	112	158	127	173	22
-63	131	157	146	172	22

-70	1807	243	1822	258	-25
-71	1807	261	1822	276	-25
-72	1807	279	1822	294	-25

-80	1789	243	1804	258	-25
-81	1789	261	1804	276	-25
-82	1789	279	1804	294	-25

-90	1771	243	1786	258	-25
-91	1771	261	1786	276	-25
-92	1771	279	1786	294	-25

# COURSE CLEAR !
-300	1743	101	1870	116	-25
# YOU GOT A CARD
-301	1743	119	1870	134	-25

# CARDS
-310	1748	140	1769	165	-25
-311	1850	140	1871	165	-25
-312	1816	140	1837	165	-25
-313	1782	140	1803	165	-25

# ani_id	sprite1_id	time1	sprite2_id	time2	...
[ANIMATIONS]
-61	-61	1000
-62	-62	1000
-63	-63	1000

-71	-70	150	-71	150	-72	150
-72	-80	150	-81	150	-82	150
-73	-90	150	-91	150	-92	150

#This is NOT an animation of the rewards switching. The rewards switch inside the source code.

# COURSE CLEAR !
-300	-300	1000
# YOU GOT A CARD
-301	-301	1000

# CARDS
-310	-310	1000
-311	-311	1000
-312	-312	1000
-313	-313	1000