#FOOT 1 RIGHT					
24002	616	63	631	88	11
					
#FOOT 2 LEFT					
24011	120	63	135	89	10
#FOOT 2 RIGHT					
24012	599	63	614	89	11
					
#SHELL DOWN 0					
24021	137	56	152	71	10
#SHELL UP 0					
24022	137	1659	152	1674	12
					
#SHELL DOWN 90					
24031	171	56	186	71	10
#SHELL UP 90					
24032	171	1659	186	1674	12
					
#SHELL DOWN 45					
24041	154	56	169	71	10
#SHELL UP 45					
24042	154	1659	169	1674	12
					
#SHELL DOWN 135					
24051	188	56	203	71	10
#SHELL UP 135					
24052	188	1659	203	1674	12
					
#POP IN DOWN					
24061	139	171	154	186	10
#POP IN UP					
24062	139	1642	154	1657	12

# ani_id	sprite1_id	time1	sprite2_id	time2	...
[ANIMATIONS]
#WALK LEFT
24000	24001	100	24011	100
#WALK RIGHT
24001	24002	100	24012	100

#HIDE DOWN
24010	24021	100
#HIDE UP
24020	24022	100

#ROLL LEFT DOWN
24030	24041	100	24031	100	24051	100	24021	100
#ROLL RIGHT DOWN
24031	24051	100	24031	100	24041	100	24021	100
#ROLL LEFT UP
24040	24042	100	24032	100	24052	100	24022	100
#ROLL RIGHT UP
24041	24052	100	24032	100	24042	100	24022	100

#POP DOWN
24050	24021	100	24061	100
#POP UP
24060	24022	100	24062	100