# list of object assets to load in this scene
[ASSETS]
effects.txt
mario.txt
coin.txt
brick.txt
stripedbrick.txt
pipe.txt
#
[OBJECTS]
# MARIO
# POSITION FROM MARIO HERE IS REDUNDANT
0	350	10

#COIN
40	324	132
40	340	132
40	308	116
40	356	116
40	356	100
40	324	84
40	340	84
40	356	68
40	308	54
40	356	54
40	324	36
40	340	36

#Platform
11	100	4	16	16	8	11001	11001	11001
11	100	20	16	16	8	11001	11001	11001
11	100	36	16	16	8	11001	11001	11001
11	100	52	16	16	8	11001	11001	11001
11	100	68	16	16	8	11001	11001	11001
11	100	84	16	16	8	11001	11001	11001
11	100	100	16	16	8	11001	11001	11001
11	100	116	16	16	8	11001	11001	11001
11	100	132	16	16	8	11001	11001	11001
11	100	148	16	16	8	11001	11001	11001

11	356	148	16	16	16	11001	11001	11001
11	372	132	16	16	15	11001	11001	11001
11	388	116	16	16	14	11001	11001	11001
11	404	100	16	16	13	11001	11001	11001
11	420	84	16	16	12	11001	11001	11001
11	436	68	16	16	11	11001	11001	11001
11	484	52	16	16	8	11001	11001	11001
11	484	36	16	16	8	11001	11001	11001
11	484	20	16	16	8	11001	11001	11001
11	484	4	16	16	8	11001	11001	11001

15	260	4
15	276	4
15	292	4
15	308	4
15	324	4
15	340	4
15	356	4
15	372	4
15	388	4
15	404	4
15	420	4
15	436	4
11	260	4	16	16	12	11001	11001	11001

11	100	164	16	16	32	11001	11001	11001
11	100	180	16	16	32	11001	11001	11001

#Pipe
13	236	20	16	16	2	13011	13012	13013	13014	-1	0	0
13	460	20	16	16	2	13011	13012	13013	13014	-1	1	1

#Portal 
#50	452	20	484	30	1	2113	10