# list of object assets to load in this scene
[ASSETS]
mario.txt
brick.txt
coin.txt
goomba.txt
cloud.txt
questionblock.txt
pipe.txt
ground.txt
container.txt
background.txt
minibush.txt
bigbush.txt
stripedbrick.txt
#
[OBJECTS]
# type	x	y	extra_settings per object type
# See OBJECT_TYPE constants in AssetIDs.h

# BACKGROUND
-1	1270	-28
# MINI BUSH
-2	139	146
-2	155	146
-2	171	146

-2	609	129
-2	625	129
-2	641	129
-2	657	129
-2	673	129
-2	689	129

-2	939	129
-2	955	129

-2	1074	146
-2	1090	146
-2	1106	146

#BIG BUSH
-3	30	146	16	16	4	-30001	-30002	-30011	-30021
-3	30	114	16	16	2	-30001	-30002	-30011	-30012
-3	14	146	16	16	3	-30001	-30002	-30011	-30021
-3	30	146	16	16	2	-30001	-30002	-30021	-30021
-3	62	146	16	16	3	-30001	-30002	-30021	-30012
-3	94	146	16	16	3	-30001	-30002	-30011	-30021
-3	78	146	16	16	1	-30001	-30002	-30021	-30021
-3	110	146	16	16	2	-30001	-30002	-30021	-30012

-3	870	129	16	16	3	-30001	-30002	-30011	-30012
-3	854	129	16	16	1	-30001	-30002	-30011	-30012
-3	886	129	16	16	2	-30001	-30002	-30021	-30012
-3	822	129	16	16	3	-30001	-30002	-30021	-30012
-3	790	129	16	16	4	-30001	-30002	-30021	-30021
-3	790	97	16	16	2	-30001	-30002	-30021	-30012
-3	774	129	16	16	3	-30001	-30002	-30011	-30012
-3	742	129	16	16	3	-30001	-30002	-30011	-30012
-3	790	129	16	16	2	-30001	-30002	-30021	-30021
-3	758	129	16	16	2	-30001	-30002	-30021	-30021
-3	726	129	16	16	1	-30001	-30002	-30021	-30021

-3	1724	146	16	16	3	-30001	-30002	-30011	-30021
-3	1740	146	16	16	2	-30001	-30002	-30021	-30012
-3	1708	146	16	16	1	-30001	-30002	-30021	-30021

-3	2184	146	16	16	8	-30001	-30002	-30011	-30021
-3	2168	146	16	16	5	-30001	-30002	-30021	-30021
-3	2200	146	16	16	7	-30001	-30002	-30021	-30012
-3	2152	146	16	16	4	-30001	-30002	-30011	-30021
-3	2216	146	16	16	2	-30001	-30002	-30021	-30012

# BRICKS
1	1770	146
1	1786	146
1	1802	146
1	1818	146
1	1834	146
1	1850	146
1	1866	146

1	1786	130
1	1802	130
1	1818	130
1	1834	130
1	1850	130

1	1802	114
1	1818	114
1	1834	114
1	1850	114

1	1898	146
1	1914	146
1	1898	130

#Question Block
6	155	103
6	171	103

6	199	59
6	215	59

6	375	74

6	593	129

6	641	103

6	1334	114

#Platform
5	5	161	16	16	35	71000	72000	73000

5	565	161	16	16	26	70100	70200	70300
5	565	145	16	16	26	71000	72000	73000

5	1044	161	16	16	20	71000	72000	73000

5	1394	161	16	16	5	71000	72000	73000

5	1504	161	16	16	33	71000	72000	73000

5	2050	161	16	16	50	71000	72000	73000

#Pipe
7	325	130	14000	45

7	1633	137	14001	32
7	1683	130	14000	45

7	2058	-30	14003	188
7	2058	131	14002	43
7	2113	137	14001	32

# STRIPED BRICKS
9	1363	87
9	1379	87

9	1426	146
9	1442	146
9	1458	146
9	1442	130
9	1458	130
9	1458	114

9	1504	146
9	1504	130
9	1504	114
9	1520	146
9	1520	130
9	1536	146

9	2050	58
9	2066	58

9	2050	117
9	2066	117

#Container
8	243	146	15	15	3	5	80111	80112	80113	80121	80122	80123	80131	80132	80133
8	214	146	15	15	3	3	80011	80012	80013	80021	80022	80023	80031	80032	80033

8	461	146	15	15	4	7	80211	80212	80213	80221	80222	80223	80231	80232	80233
8	418	146	15	15	4	5	80011	80012	80013	80021	80022	80023	80031	80032	80033
8	360	146	15	15	5	3	80311	80312	80313	80321	80322	80323	80331	80332	80333
8	460	146	15	15	6	2	80411	80412	80413	80421	80422	80423	80431	80432	80433

8	1200	146	15	15	7	6	80111	80112	80113	80121	80122	80123	80131	80132	80133
8	1170	146	15	15	7	4	80011	80012	80013	80021	80022	80023	80031	80032	80033
8	1140	146	15	15	7	2	80311	80312	80313	80321	80322	80323	80331	80332	80333

8	1975	146	15	15	3	9	80411	80412	80413	80421	80422	80423	80431	80432	80433
8	1943	146	15	15	3	3	80011	80012	80013	80021	80022	80023	80031	80032	80033

#COIN
#4	100	120
#4	120	120
#4	140	120
#4	160	120
#4	180	120

#Goomba
2	300	10

#Portal 
#50	300	110	316	140	2

# MARIO
0	20	10
