# list of object assets to load in this scene
[ASSETS]
#Priority
effects.txt
hud.txt
#
mario.txt
goomba.txt
venus_fire_trap.txt
red_koopa_troopa.txt
paragoomba.txt
#
super_mushroom.txt
super_leaf.txt
fireball.txt
wings.txt
coin.txt
pbutton.txt
#
brick.txt
cloud.txt
questionblock.txt
pipe.txt
ground.txt
container.txt
background.txt
minibush.txt
bigbush.txt
stripedbrick.txt
mapicon.txt
particle.txt
#
[OBJECTS]
# type	x	y	extra_settings per object type
# See OBJECT_TYPE constants in AssetIDs.h
# BASE X: 8, BASE Y: 430

# MARIO
0	24	384
10	24	400	0
10	40	400	0
10	56	400	0
10	72	400	0
10	88	400	0
10	104	400	0
10	120	400	0
10	136	400	0

# BRICKS
10	224	366	0
10	240	366	0
10	256	366	0
10	272	366	0

10	392	350	0
10	408	350	0
10	424	350	0
10	440	350	0
10	456	350	0

10	648	382	0
10	664	382	0

10	616	334	0
10	632	334	0
10	648	334	0
10	664	334	0

10	760	334	0
10	760	350	0
10	760	366	0
10	760	382	0
10	776	382	0
10	792	382	0
10	808	382	0

10	872	350	0
10	872	366	0
10	872	382	0
10	872	398	0
10	888	398	0
10	904	398	0

10	952	350	0
10	952	366	0
10	968	366	0

10	1016	366	0
10	1032	366	0
10	1048	366	0
10	1064	366	0
10	1080	366	0

10	968	414	0
10	984	414	0
10	1000	414	0
10	1016	414	0

10	1160	398	0
10	1176	398	0
10	1192	398	0
10	1208	398	0
10	1224	398	0

10	1272	382	0
10	1288	382	0

10	1192	318	0
10	1208	318	0
10	1224	318	0
10	1240	318	0
10	1240	302	0

10	1400	318	0
10	1416	318	0
10	1432	318	0

10	1544	302	0
10	1544	318	0

10	1544	382	0
10	1544	398	0
10	1544	414	0
10	1560	414	0
10	1576	414	0
10	1590	414	0

10	1736	302	0
10	1736	318	0
10	1736	334	0

10	1784	382	0
10	1800	382	0
10	1816	382	0

#COINS
40	344	318
40	360	318
40	376	318

40	424	296
40	440	296
40	456	296

40	776	318
40	792	318
40	808	318

40	856	296
40	872	296
40	888	296

40	1336	302
40	1352	302
40	1368	302

40	1512	286
40	1512	302
40	1512	318
40	1512	334
40	1512	350
40	1512	366
40	1512	382
40	1512	398

# HUD
-20	128	180